36 76
2 32
1 7 5
2 3 1
2 8 1
3 2 10
3 4 10
3 9 10
4 3 1
4 5 1
4 10 1
5 4 1
5 6 1
5 11 1
6 5 6
7 1 8
7 13 8
8 2 1
8 9 1
9 8 1
9 3 1
9 10 1
10 9 1
10 4 1
10 16 1
11 5 1
11 17 1
12 18 1
13 7 2
13 14 2
14 13 1
14 15 1
14 20 1
15 14 3
15 21 3
16 10 4
16 22 4
17 11 2
17 23 2
18 12 5
18 24 5
19 25 8
20 14 2
20 26 2
21 15 1
21 22 1
22 21 1
22 16 1
23 17 1
23 29 1
24 18 1
24 30 1
25 19 3
25 31 1
26 20 1
26 27 1
27 26 1
27 28 1
28 27 1
28 29 1
28 34 1
29 28 3
29 23 3
30 24 16
30 36 16
31 25 1
31 32 1
32 31 1
32 33 1
33 32 1
33 34 1
34 33 1
34 28 1
34 35 1
35 34 4
35 36 4
36 35 1
36 30 1